0,508
0,507
0,506
0,505
0,504
0,503
0,502
0,501
0,500
0,499
0,498
0,497
0,496
0,495
0,494
0,493
0,492
0,491
0,490
0,489
0,488
0,487
0,486
0,485
0,484
0,483
0,482
0,481
0,480
0,479
0,478
0,477
0,476
0,475
0,474
0,473
0,472
0,471
0,243
0,470
0,469
0,468
0,467
0,466
80,3
80,2
80,1
80,0
79,3
79,2
79,1
79,0
78,3
78,2
78,1
78,0
77,3
77,2
77,1
77,0
76,3
76,2
76,1
76,0
57,2
57,0
55,2
55,0
61,0
0,465
58,0
0,464
0,386
0,278
0,9
56,2
56,0
56,1
56,3
61,2
58,2
61,1
61,3
75,49
75,48
75,47
75,46
75,45
75,44
75,43
75,42
75,41
75,40
75,39
75,38
75,37
75,36
75,35
3,2
10,285
10,249
10,161
10,179
10,35
10,193
10,201
10,287
9,5
8,9
8,7
8,14
8,5
8,11
8,10
8,2
8,3
58,3
58,1
